{
 "cells": [
  {
   "cell_type": "code",
   "execution_count": 1,
   "id": "52cee5ce-5c68-466b-a361-4c4ee4ac8f61",
   "metadata": {},
   "outputs": [],
   "source": [
    "import geopandas as gpd\n",
    "import pandas as pd"
   ]
  },
  {
   "cell_type": "code",
   "execution_count": 2,
   "id": "1f743c44-7f2e-4513-9e91-81ce69789212",
   "metadata": {},
   "outputs": [],
   "source": [
    "# datasource: https://ec.europa.eu/eurostat/web/gisco/geodata/statistical-units/territorial-units-statistics\n",
    "nuts = gpd.read_file(\"NUTS_RG_60M_2024_4326.geojson\")"
   ]
  },
  {
   "cell_type": "code",
   "execution_count": 3,
   "id": "e4c9c7eb-5141-4ccf-875a-c51418d80dda",
   "metadata": {},
   "outputs": [],
   "source": [
    "# general inspiration: https://catslovedata.cc/plotting-european-capitals-centroids-and-the-distance-between-them-using-geopandas\n",
    "# used projection: https://gis.stackexchange.com/a/416041\n",
    "norway_projected = (\n",
    "    nuts.query(\"CNTR_CODE == 'NO' and LEVL_CODE == 3\")\n",
    "    .to_crs(\"EPSG:3035\")\n",
    "    .set_index(\"NUTS_ID\")\n",
    ")"
   ]
  },
  {
   "cell_type": "code",
   "execution_count": 4,
   "id": "aa879b04-8914-44ef-8020-76d8d719b39b",
   "metadata": {},
   "outputs": [],
   "source": [
    "centroids = norway_projected.centroid"
   ]
  },
  {
   "cell_type": "code",
   "execution_count": 5,
   "id": "e0921fdf-8eb2-46d6-8570-f89fe828b818",
   "metadata": {},
   "outputs": [],
   "source": [
    "# https://stackoverflow.com/a/64755616\n",
    "distances = centroids.geometry.apply(lambda g: centroids.distance(g))"
   ]
  },
  {
   "cell_type": "code",
   "execution_count": 6,
   "id": "5ca1d84d-5415-49af-9479-fdd93f64a71b",
   "metadata": {},
   "outputs": [
    {
     "data": {
      "text/html": [
       "<div>\n",
       "<style scoped>\n",
       "    .dataframe tbody tr th:only-of-type {\n",
       "        vertical-align: middle;\n",
       "    }\n",
       "\n",
       "    .dataframe tbody tr th {\n",
       "        vertical-align: top;\n",
       "    }\n",
       "\n",
       "    .dataframe thead th {\n",
       "        text-align: right;\n",
       "    }\n",
       "</style>\n",
       "<table border=\"1\" class=\"dataframe\">\n",
       "  <thead>\n",
       "    <tr style=\"text-align: right;\">\n",
       "      <th>NUTS_ID</th>\n",
       "      <th>NO020</th>\n",
       "      <th>NO060</th>\n",
       "      <th>NO071</th>\n",
       "      <th>NO072</th>\n",
       "      <th>NO073</th>\n",
       "      <th>NO081</th>\n",
       "      <th>NO083</th>\n",
       "      <th>NO084</th>\n",
       "      <th>NO085</th>\n",
       "      <th>NO092</th>\n",
       "      <th>NO093</th>\n",
       "      <th>NO094</th>\n",
       "      <th>NO0A1</th>\n",
       "      <th>NO0A2</th>\n",
       "      <th>NO0A3</th>\n",
       "      <th>NO0B1</th>\n",
       "      <th>NO0B2</th>\n",
       "    </tr>\n",
       "    <tr>\n",
       "      <th>NUTS_ID</th>\n",
       "      <th></th>\n",
       "      <th></th>\n",
       "      <th></th>\n",
       "      <th></th>\n",
       "      <th></th>\n",
       "      <th></th>\n",
       "      <th></th>\n",
       "      <th></th>\n",
       "      <th></th>\n",
       "      <th></th>\n",
       "      <th></th>\n",
       "      <th></th>\n",
       "      <th></th>\n",
       "      <th></th>\n",
       "      <th></th>\n",
       "      <th></th>\n",
       "      <th></th>\n",
       "    </tr>\n",
       "  </thead>\n",
       "  <tbody>\n",
       "    <tr>\n",
       "      <th>NO020</th>\n",
       "      <td>0.000000e+00</td>\n",
       "      <td>2.601048e+05</td>\n",
       "      <td>6.331814e+05</td>\n",
       "      <td>9.620494e+05</td>\n",
       "      <td>1.164928e+06</td>\n",
       "      <td>1.644842e+05</td>\n",
       "      <td>2.361604e+05</td>\n",
       "      <td>1.680158e+05</td>\n",
       "      <td>1.469385e+05</td>\n",
       "      <td>3.460590e+05</td>\n",
       "      <td>2.381535e+05</td>\n",
       "      <td>2.415906e+05</td>\n",
       "      <td>3.463617e+05</td>\n",
       "      <td>2.315021e+05</td>\n",
       "      <td>2.006442e+05</td>\n",
       "      <td>1.341369e+06</td>\n",
       "      <td>1.931555e+06</td>\n",
       "    </tr>\n",
       "    <tr>\n",
       "      <th>NO060</th>\n",
       "      <td>2.601048e+05</td>\n",
       "      <td>0.000000e+00</td>\n",
       "      <td>3.771832e+05</td>\n",
       "      <td>7.115162e+05</td>\n",
       "      <td>9.280266e+05</td>\n",
       "      <td>4.215286e+05</td>\n",
       "      <td>4.884931e+05</td>\n",
       "      <td>4.222967e+05</td>\n",
       "      <td>3.997383e+05</td>\n",
       "      <td>5.970452e+05</td>\n",
       "      <td>4.979950e+05</td>\n",
       "      <td>4.953265e+05</td>\n",
       "      <td>5.774618e+05</td>\n",
       "      <td>4.085371e+05</td>\n",
       "      <td>2.269395e+05</td>\n",
       "      <td>1.151078e+06</td>\n",
       "      <td>1.672068e+06</td>\n",
       "    </tr>\n",
       "    <tr>\n",
       "      <th>NO071</th>\n",
       "      <td>6.331814e+05</td>\n",
       "      <td>3.771832e+05</td>\n",
       "      <td>0.000000e+00</td>\n",
       "      <td>3.373177e+05</td>\n",
       "      <td>5.701166e+05</td>\n",
       "      <td>7.881230e+05</td>\n",
       "      <td>8.487178e+05</td>\n",
       "      <td>7.863513e+05</td>\n",
       "      <td>7.761511e+05</td>\n",
       "      <td>9.741206e+05</td>\n",
       "      <td>8.678099e+05</td>\n",
       "      <td>8.718676e+05</td>\n",
       "      <td>9.527524e+05</td>\n",
       "      <td>7.756476e+05</td>\n",
       "      <td>5.781953e+05</td>\n",
       "      <td>1.019445e+06</td>\n",
       "      <td>1.317207e+06</td>\n",
       "    </tr>\n",
       "    <tr>\n",
       "      <th>NO072</th>\n",
       "      <td>9.620494e+05</td>\n",
       "      <td>7.115162e+05</td>\n",
       "      <td>3.373177e+05</td>\n",
       "      <td>0.000000e+00</td>\n",
       "      <td>2.535775e+05</td>\n",
       "      <td>1.110567e+06</td>\n",
       "      <td>1.165941e+06</td>\n",
       "      <td>1.107118e+06</td>\n",
       "      <td>1.107313e+06</td>\n",
       "      <td>1.306341e+06</td>\n",
       "      <td>1.191752e+06</td>\n",
       "      <td>1.202923e+06</td>\n",
       "      <td>1.288692e+06</td>\n",
       "      <td>1.112934e+06</td>\n",
       "      <td>9.153171e+05</td>\n",
       "      <td>1.072369e+06</td>\n",
       "      <td>1.050177e+06</td>\n",
       "    </tr>\n",
       "    <tr>\n",
       "      <th>NO073</th>\n",
       "      <td>1.164928e+06</td>\n",
       "      <td>9.280266e+05</td>\n",
       "      <td>5.701166e+05</td>\n",
       "      <td>2.535775e+05</td>\n",
       "      <td>0.000000e+00</td>\n",
       "      <td>1.302008e+06</td>\n",
       "      <td>1.349892e+06</td>\n",
       "      <td>1.296471e+06</td>\n",
       "      <td>1.311844e+06</td>\n",
       "      <td>1.510897e+06</td>\n",
       "      <td>1.383952e+06</td>\n",
       "      <td>1.406186e+06</td>\n",
       "      <td>1.502916e+06</td>\n",
       "      <td>1.335833e+06</td>\n",
       "      <td>1.143304e+06</td>\n",
       "      <td>1.274344e+06</td>\n",
       "      <td>1.009118e+06</td>\n",
       "    </tr>\n",
       "    <tr>\n",
       "      <th>NO081</th>\n",
       "      <td>1.644842e+05</td>\n",
       "      <td>4.215286e+05</td>\n",
       "      <td>7.881230e+05</td>\n",
       "      <td>1.110567e+06</td>\n",
       "      <td>1.302008e+06</td>\n",
       "      <td>0.000000e+00</td>\n",
       "      <td>7.477810e+04</td>\n",
       "      <td>1.562837e+04</td>\n",
       "      <td>9.964513e+04</td>\n",
       "      <td>2.295603e+05</td>\n",
       "      <td>8.194411e+04</td>\n",
       "      <td>1.354054e+05</td>\n",
       "      <td>2.718869e+05</td>\n",
       "      <td>2.643047e+05</td>\n",
       "      <td>3.398025e+05</td>\n",
       "      <td>1.492157e+06</td>\n",
       "      <td>2.093521e+06</td>\n",
       "    </tr>\n",
       "    <tr>\n",
       "      <th>NO083</th>\n",
       "      <td>2.361604e+05</td>\n",
       "      <td>4.884931e+05</td>\n",
       "      <td>8.487178e+05</td>\n",
       "      <td>1.165941e+06</td>\n",
       "      <td>1.349892e+06</td>\n",
       "      <td>7.477810e+04</td>\n",
       "      <td>0.000000e+00</td>\n",
       "      <td>6.822462e+04</td>\n",
       "      <td>1.630539e+05</td>\n",
       "      <td>2.261065e+05</td>\n",
       "      <td>6.850513e+04</td>\n",
       "      <td>1.580740e+05</td>\n",
       "      <td>2.914622e+05</td>\n",
       "      <td>3.250388e+05</td>\n",
       "      <td>4.144401e+05</td>\n",
       "      <td>1.566877e+06</td>\n",
       "      <td>2.158869e+06</td>\n",
       "    </tr>\n",
       "    <tr>\n",
       "      <th>NO084</th>\n",
       "      <td>1.680158e+05</td>\n",
       "      <td>4.222967e+05</td>\n",
       "      <td>7.863513e+05</td>\n",
       "      <td>1.107118e+06</td>\n",
       "      <td>1.296471e+06</td>\n",
       "      <td>1.562837e+04</td>\n",
       "      <td>6.822462e+04</td>\n",
       "      <td>0.000000e+00</td>\n",
       "      <td>1.146404e+05</td>\n",
       "      <td>2.413298e+05</td>\n",
       "      <td>8.880644e+04</td>\n",
       "      <td>1.494584e+05</td>\n",
       "      <td>2.863702e+05</td>\n",
       "      <td>2.790888e+05</td>\n",
       "      <td>3.488355e+05</td>\n",
       "      <td>1.500652e+06</td>\n",
       "      <td>2.093792e+06</td>\n",
       "    </tr>\n",
       "    <tr>\n",
       "      <th>NO085</th>\n",
       "      <td>1.469385e+05</td>\n",
       "      <td>3.997383e+05</td>\n",
       "      <td>7.761511e+05</td>\n",
       "      <td>1.107313e+06</td>\n",
       "      <td>1.311844e+06</td>\n",
       "      <td>9.964513e+04</td>\n",
       "      <td>1.630539e+05</td>\n",
       "      <td>1.146404e+05</td>\n",
       "      <td>0.000000e+00</td>\n",
       "      <td>1.993712e+05</td>\n",
       "      <td>1.249239e+05</td>\n",
       "      <td>9.572901e+04</td>\n",
       "      <td>2.061689e+05</td>\n",
       "      <td>1.647451e+05</td>\n",
       "      <td>2.686208e+05</td>\n",
       "      <td>1.416968e+06</td>\n",
       "      <td>2.064287e+06</td>\n",
       "    </tr>\n",
       "    <tr>\n",
       "      <th>NO092</th>\n",
       "      <td>3.460590e+05</td>\n",
       "      <td>5.970452e+05</td>\n",
       "      <td>9.741206e+05</td>\n",
       "      <td>1.306341e+06</td>\n",
       "      <td>1.510897e+06</td>\n",
       "      <td>2.295603e+05</td>\n",
       "      <td>2.261065e+05</td>\n",
       "      <td>2.413298e+05</td>\n",
       "      <td>1.993712e+05</td>\n",
       "      <td>0.000000e+00</td>\n",
       "      <td>1.603206e+05</td>\n",
       "      <td>1.048693e+05</td>\n",
       "      <td>9.549553e+04</td>\n",
       "      <td>2.556181e+05</td>\n",
       "      <td>4.362650e+05</td>\n",
       "      <td>1.547604e+06</td>\n",
       "      <td>2.252555e+06</td>\n",
       "    </tr>\n",
       "    <tr>\n",
       "      <th>NO093</th>\n",
       "      <td>2.381535e+05</td>\n",
       "      <td>4.979950e+05</td>\n",
       "      <td>8.678099e+05</td>\n",
       "      <td>1.191752e+06</td>\n",
       "      <td>1.383952e+06</td>\n",
       "      <td>8.194411e+04</td>\n",
       "      <td>6.850513e+04</td>\n",
       "      <td>8.880644e+04</td>\n",
       "      <td>1.249239e+05</td>\n",
       "      <td>1.603206e+05</td>\n",
       "      <td>0.000000e+00</td>\n",
       "      <td>9.168619e+04</td>\n",
       "      <td>2.230127e+05</td>\n",
       "      <td>2.742879e+05</td>\n",
       "      <td>3.921048e+05</td>\n",
       "      <td>1.541857e+06</td>\n",
       "      <td>2.169708e+06</td>\n",
       "    </tr>\n",
       "    <tr>\n",
       "      <th>NO094</th>\n",
       "      <td>2.415906e+05</td>\n",
       "      <td>4.953265e+05</td>\n",
       "      <td>8.718676e+05</td>\n",
       "      <td>1.202923e+06</td>\n",
       "      <td>1.406186e+06</td>\n",
       "      <td>1.354054e+05</td>\n",
       "      <td>1.580740e+05</td>\n",
       "      <td>1.494584e+05</td>\n",
       "      <td>9.572901e+04</td>\n",
       "      <td>1.048693e+05</td>\n",
       "      <td>9.168619e+04</td>\n",
       "      <td>0.000000e+00</td>\n",
       "      <td>1.373776e+05</td>\n",
       "      <td>1.980179e+05</td>\n",
       "      <td>3.503888e+05</td>\n",
       "      <td>1.485745e+06</td>\n",
       "      <td>2.157500e+06</td>\n",
       "    </tr>\n",
       "    <tr>\n",
       "      <th>NO0A1</th>\n",
       "      <td>3.463617e+05</td>\n",
       "      <td>5.774618e+05</td>\n",
       "      <td>9.527524e+05</td>\n",
       "      <td>1.288692e+06</td>\n",
       "      <td>1.502916e+06</td>\n",
       "      <td>2.718869e+05</td>\n",
       "      <td>2.914622e+05</td>\n",
       "      <td>2.863702e+05</td>\n",
       "      <td>2.061689e+05</td>\n",
       "      <td>9.549553e+04</td>\n",
       "      <td>2.230127e+05</td>\n",
       "      <td>1.373776e+05</td>\n",
       "      <td>0.000000e+00</td>\n",
       "      <td>1.928925e+05</td>\n",
       "      <td>3.903246e+05</td>\n",
       "      <td>1.469572e+06</td>\n",
       "      <td>2.209366e+06</td>\n",
       "    </tr>\n",
       "    <tr>\n",
       "      <th>NO0A2</th>\n",
       "      <td>2.315021e+05</td>\n",
       "      <td>4.085371e+05</td>\n",
       "      <td>7.756476e+05</td>\n",
       "      <td>1.112934e+06</td>\n",
       "      <td>1.335833e+06</td>\n",
       "      <td>2.643047e+05</td>\n",
       "      <td>3.250388e+05</td>\n",
       "      <td>2.790888e+05</td>\n",
       "      <td>1.647451e+05</td>\n",
       "      <td>2.556181e+05</td>\n",
       "      <td>2.742879e+05</td>\n",
       "      <td>1.980179e+05</td>\n",
       "      <td>1.928925e+05</td>\n",
       "      <td>0.000000e+00</td>\n",
       "      <td>2.013867e+05</td>\n",
       "      <td>1.293717e+06</td>\n",
       "      <td>2.017370e+06</td>\n",
       "    </tr>\n",
       "    <tr>\n",
       "      <th>NO0A3</th>\n",
       "      <td>2.006442e+05</td>\n",
       "      <td>2.269395e+05</td>\n",
       "      <td>5.781953e+05</td>\n",
       "      <td>9.153171e+05</td>\n",
       "      <td>1.143304e+06</td>\n",
       "      <td>3.398025e+05</td>\n",
       "      <td>4.144401e+05</td>\n",
       "      <td>3.488355e+05</td>\n",
       "      <td>2.686208e+05</td>\n",
       "      <td>4.362650e+05</td>\n",
       "      <td>3.921048e+05</td>\n",
       "      <td>3.503888e+05</td>\n",
       "      <td>3.903246e+05</td>\n",
       "      <td>2.013867e+05</td>\n",
       "      <td>0.000000e+00</td>\n",
       "      <td>1.152520e+06</td>\n",
       "      <td>1.819699e+06</td>\n",
       "    </tr>\n",
       "    <tr>\n",
       "      <th>NO0B1</th>\n",
       "      <td>1.341369e+06</td>\n",
       "      <td>1.151078e+06</td>\n",
       "      <td>1.019445e+06</td>\n",
       "      <td>1.072369e+06</td>\n",
       "      <td>1.274344e+06</td>\n",
       "      <td>1.492157e+06</td>\n",
       "      <td>1.566877e+06</td>\n",
       "      <td>1.500652e+06</td>\n",
       "      <td>1.416968e+06</td>\n",
       "      <td>1.547604e+06</td>\n",
       "      <td>1.541857e+06</td>\n",
       "      <td>1.485745e+06</td>\n",
       "      <td>1.469572e+06</td>\n",
       "      <td>1.293717e+06</td>\n",
       "      <td>1.152520e+06</td>\n",
       "      <td>0.000000e+00</td>\n",
       "      <td>1.142227e+06</td>\n",
       "    </tr>\n",
       "    <tr>\n",
       "      <th>NO0B2</th>\n",
       "      <td>1.931555e+06</td>\n",
       "      <td>1.672068e+06</td>\n",
       "      <td>1.317207e+06</td>\n",
       "      <td>1.050177e+06</td>\n",
       "      <td>1.009118e+06</td>\n",
       "      <td>2.093521e+06</td>\n",
       "      <td>2.158869e+06</td>\n",
       "      <td>2.093792e+06</td>\n",
       "      <td>2.064287e+06</td>\n",
       "      <td>2.252555e+06</td>\n",
       "      <td>2.169708e+06</td>\n",
       "      <td>2.157500e+06</td>\n",
       "      <td>2.209366e+06</td>\n",
       "      <td>2.017370e+06</td>\n",
       "      <td>1.819699e+06</td>\n",
       "      <td>1.142227e+06</td>\n",
       "      <td>0.000000e+00</td>\n",
       "    </tr>\n",
       "  </tbody>\n",
       "</table>\n",
       "</div>"
      ],
      "text/plain": [
       "NUTS_ID         NO020         NO060         NO071         NO072         NO073  \\\n",
       "NUTS_ID                                                                         \n",
       "NO020    0.000000e+00  2.601048e+05  6.331814e+05  9.620494e+05  1.164928e+06   \n",
       "NO060    2.601048e+05  0.000000e+00  3.771832e+05  7.115162e+05  9.280266e+05   \n",
       "NO071    6.331814e+05  3.771832e+05  0.000000e+00  3.373177e+05  5.701166e+05   \n",
       "NO072    9.620494e+05  7.115162e+05  3.373177e+05  0.000000e+00  2.535775e+05   \n",
       "NO073    1.164928e+06  9.280266e+05  5.701166e+05  2.535775e+05  0.000000e+00   \n",
       "NO081    1.644842e+05  4.215286e+05  7.881230e+05  1.110567e+06  1.302008e+06   \n",
       "NO083    2.361604e+05  4.884931e+05  8.487178e+05  1.165941e+06  1.349892e+06   \n",
       "NO084    1.680158e+05  4.222967e+05  7.863513e+05  1.107118e+06  1.296471e+06   \n",
       "NO085    1.469385e+05  3.997383e+05  7.761511e+05  1.107313e+06  1.311844e+06   \n",
       "NO092    3.460590e+05  5.970452e+05  9.741206e+05  1.306341e+06  1.510897e+06   \n",
       "NO093    2.381535e+05  4.979950e+05  8.678099e+05  1.191752e+06  1.383952e+06   \n",
       "NO094    2.415906e+05  4.953265e+05  8.718676e+05  1.202923e+06  1.406186e+06   \n",
       "NO0A1    3.463617e+05  5.774618e+05  9.527524e+05  1.288692e+06  1.502916e+06   \n",
       "NO0A2    2.315021e+05  4.085371e+05  7.756476e+05  1.112934e+06  1.335833e+06   \n",
       "NO0A3    2.006442e+05  2.269395e+05  5.781953e+05  9.153171e+05  1.143304e+06   \n",
       "NO0B1    1.341369e+06  1.151078e+06  1.019445e+06  1.072369e+06  1.274344e+06   \n",
       "NO0B2    1.931555e+06  1.672068e+06  1.317207e+06  1.050177e+06  1.009118e+06   \n",
       "\n",
       "NUTS_ID         NO081         NO083         NO084         NO085         NO092  \\\n",
       "NUTS_ID                                                                         \n",
       "NO020    1.644842e+05  2.361604e+05  1.680158e+05  1.469385e+05  3.460590e+05   \n",
       "NO060    4.215286e+05  4.884931e+05  4.222967e+05  3.997383e+05  5.970452e+05   \n",
       "NO071    7.881230e+05  8.487178e+05  7.863513e+05  7.761511e+05  9.741206e+05   \n",
       "NO072    1.110567e+06  1.165941e+06  1.107118e+06  1.107313e+06  1.306341e+06   \n",
       "NO073    1.302008e+06  1.349892e+06  1.296471e+06  1.311844e+06  1.510897e+06   \n",
       "NO081    0.000000e+00  7.477810e+04  1.562837e+04  9.964513e+04  2.295603e+05   \n",
       "NO083    7.477810e+04  0.000000e+00  6.822462e+04  1.630539e+05  2.261065e+05   \n",
       "NO084    1.562837e+04  6.822462e+04  0.000000e+00  1.146404e+05  2.413298e+05   \n",
       "NO085    9.964513e+04  1.630539e+05  1.146404e+05  0.000000e+00  1.993712e+05   \n",
       "NO092    2.295603e+05  2.261065e+05  2.413298e+05  1.993712e+05  0.000000e+00   \n",
       "NO093    8.194411e+04  6.850513e+04  8.880644e+04  1.249239e+05  1.603206e+05   \n",
       "NO094    1.354054e+05  1.580740e+05  1.494584e+05  9.572901e+04  1.048693e+05   \n",
       "NO0A1    2.718869e+05  2.914622e+05  2.863702e+05  2.061689e+05  9.549553e+04   \n",
       "NO0A2    2.643047e+05  3.250388e+05  2.790888e+05  1.647451e+05  2.556181e+05   \n",
       "NO0A3    3.398025e+05  4.144401e+05  3.488355e+05  2.686208e+05  4.362650e+05   \n",
       "NO0B1    1.492157e+06  1.566877e+06  1.500652e+06  1.416968e+06  1.547604e+06   \n",
       "NO0B2    2.093521e+06  2.158869e+06  2.093792e+06  2.064287e+06  2.252555e+06   \n",
       "\n",
       "NUTS_ID         NO093         NO094         NO0A1         NO0A2         NO0A3  \\\n",
       "NUTS_ID                                                                         \n",
       "NO020    2.381535e+05  2.415906e+05  3.463617e+05  2.315021e+05  2.006442e+05   \n",
       "NO060    4.979950e+05  4.953265e+05  5.774618e+05  4.085371e+05  2.269395e+05   \n",
       "NO071    8.678099e+05  8.718676e+05  9.527524e+05  7.756476e+05  5.781953e+05   \n",
       "NO072    1.191752e+06  1.202923e+06  1.288692e+06  1.112934e+06  9.153171e+05   \n",
       "NO073    1.383952e+06  1.406186e+06  1.502916e+06  1.335833e+06  1.143304e+06   \n",
       "NO081    8.194411e+04  1.354054e+05  2.718869e+05  2.643047e+05  3.398025e+05   \n",
       "NO083    6.850513e+04  1.580740e+05  2.914622e+05  3.250388e+05  4.144401e+05   \n",
       "NO084    8.880644e+04  1.494584e+05  2.863702e+05  2.790888e+05  3.488355e+05   \n",
       "NO085    1.249239e+05  9.572901e+04  2.061689e+05  1.647451e+05  2.686208e+05   \n",
       "NO092    1.603206e+05  1.048693e+05  9.549553e+04  2.556181e+05  4.362650e+05   \n",
       "NO093    0.000000e+00  9.168619e+04  2.230127e+05  2.742879e+05  3.921048e+05   \n",
       "NO094    9.168619e+04  0.000000e+00  1.373776e+05  1.980179e+05  3.503888e+05   \n",
       "NO0A1    2.230127e+05  1.373776e+05  0.000000e+00  1.928925e+05  3.903246e+05   \n",
       "NO0A2    2.742879e+05  1.980179e+05  1.928925e+05  0.000000e+00  2.013867e+05   \n",
       "NO0A3    3.921048e+05  3.503888e+05  3.903246e+05  2.013867e+05  0.000000e+00   \n",
       "NO0B1    1.541857e+06  1.485745e+06  1.469572e+06  1.293717e+06  1.152520e+06   \n",
       "NO0B2    2.169708e+06  2.157500e+06  2.209366e+06  2.017370e+06  1.819699e+06   \n",
       "\n",
       "NUTS_ID         NO0B1         NO0B2  \n",
       "NUTS_ID                              \n",
       "NO020    1.341369e+06  1.931555e+06  \n",
       "NO060    1.151078e+06  1.672068e+06  \n",
       "NO071    1.019445e+06  1.317207e+06  \n",
       "NO072    1.072369e+06  1.050177e+06  \n",
       "NO073    1.274344e+06  1.009118e+06  \n",
       "NO081    1.492157e+06  2.093521e+06  \n",
       "NO083    1.566877e+06  2.158869e+06  \n",
       "NO084    1.500652e+06  2.093792e+06  \n",
       "NO085    1.416968e+06  2.064287e+06  \n",
       "NO092    1.547604e+06  2.252555e+06  \n",
       "NO093    1.541857e+06  2.169708e+06  \n",
       "NO094    1.485745e+06  2.157500e+06  \n",
       "NO0A1    1.469572e+06  2.209366e+06  \n",
       "NO0A2    1.293717e+06  2.017370e+06  \n",
       "NO0A3    1.152520e+06  1.819699e+06  \n",
       "NO0B1    0.000000e+00  1.142227e+06  \n",
       "NO0B2    1.142227e+06  0.000000e+00  "
      ]
     },
     "execution_count": 6,
     "metadata": {},
     "output_type": "execute_result"
    }
   ],
   "source": [
    "distances.to_csv(\"distances.csv\")\n",
    "distances"
   ]
  }
 ],
 "metadata": {
  "kernelspec": {
   "display_name": "Python 3 (ipykernel)",
   "language": "python",
   "name": "python3"
  },
  "language_info": {
   "codemirror_mode": {
    "name": "ipython",
    "version": 3
   },
   "file_extension": ".py",
   "mimetype": "text/x-python",
   "name": "python",
   "nbconvert_exporter": "python",
   "pygments_lexer": "ipython3",
   "version": "3.12.6"
  }
 },
 "nbformat": 4,
 "nbformat_minor": 5
}
